# Sternheimer (uncoupled CPKS) confined-ion static polarizabilities
# rmax = 3.6*R99(neutral) (the HI density-reference box). alpha in a0^3.
# ratio = alpha(Z,q)/alpha(Z,0) -- the neutral-calibrated charge factor.
# Z sym q alpha_a0^3 rmax ratio
  1  H -1      39.6902   17.373    5.63358
  1  H +0       7.0453   17.373    1.00000
  2 He -1     746.6697   10.483  431.16247
  2 He +0       1.7318   10.483    1.00000
  2 He +1       0.3530   10.483    0.20386
  3 Li -1    2676.7998   27.891   14.94991
  3 Li +0     179.0513   27.891    1.00000
  3 Li +1       0.2225   27.891    0.00124
  4 Be -1     697.2208   20.139    8.96186
  4 Be +0      77.7987   20.139    1.00000
  4 Be +1      25.6180   20.139    0.32929
  5  B -1     129.3889   18.056    3.51442
  5  B +0      36.8166   18.056    1.00000
  5  B +1      19.6017   18.056    0.53242
  6  C -1      54.3671   15.505    2.80604
  6  C +0      19.3750   15.505    1.00000
  6  C +1       9.7636   15.505    0.50393
  7  N -1      29.9464   13.478    2.63248
  7  N +0      11.3757   13.478    1.00000
  7  N +1       5.5467   13.478    0.48759
  8  O -1      17.2358   11.911    2.37557
  8  O +0       7.2554   11.911    1.00000
  8  O +1       3.4654   11.911    0.47762
  9  F -1      13.9029   10.694    2.82254
  9  F +0       4.9256   10.694    1.00000
  9  F +1       2.3260   10.694    0.47223
 10 Ne -1     483.8941    9.702  137.92162
 10 Ne +0       3.5085    9.702    1.00000
 10 Ne +1       1.6504    9.702    0.47040
 11 Na -1    3252.7756   22.761   17.92903
 11 Na +0     181.4251   22.761    1.00000
 11 Na +1       1.2234   22.761    0.00674
 12 Mg -1    2161.2246   19.454   17.34045
 12 Mg +0     124.6348   19.454    1.00000
 12 Mg +1      37.9436   19.454    0.30444
 13 Al -1    1072.9019   19.688   10.54252
 13 Al +0     101.7690   19.688    1.00000
 13 Al +1      40.8347   19.688    0.40125
 14 Si -1     309.8974   17.812    4.63369
 14 Si +0      66.8792   17.812    1.00000
 14 Si +1      31.7187   17.812    0.47427
 15  P -1     148.8063   16.069    3.27580
 15  P +0      45.4259   16.069    1.00000
 15  P +1      23.8902   16.069    0.52591
 16  S -1      75.7809   14.590    2.35618
 16  S +0      32.1626   14.590    1.00000
 16  S +1      18.1547   14.590    0.56447
 17 Cl -1      57.8060   13.353    2.45117
 17 Cl +0      23.5830   13.353    1.00000
 17 Cl +1      14.0225   13.353    0.59460
 18 Ar -1     435.6297   12.336   24.48047
 18 Ar +0      17.7950   12.336    1.00000
 18 Ar +1      11.0134   12.336    0.61890
 19  K -1    6479.0051   23.677   18.16531
 19  K +0     356.6691   23.677    1.00000
 19  K +1       8.7842   23.677    0.02463
 20 Ca -1     753.0824   21.698    2.59036
 20 Ca +0     290.7251   21.698    1.00000
 20 Ca +1      93.2896   21.698    0.32089
 21 Sc -1     745.0845   20.215    3.17678
 21 Sc +0     234.5407   20.215    1.00000
 21 Sc +1     109.9566   20.215    0.46882
 22 Ti -1    1341.4319   18.990    6.98135
 22 Ti +0     192.1452   18.990    1.00000
 22 Ti +1      92.8624   18.990    0.48329
 23  V -1     634.5514   18.019    3.91252
 23  V +0     162.1847   18.019    1.00000
 23  V +1      79.7238   18.019    0.49156
 24 Cr -1   -1046.7754   16.994   -7.68632
 24 Cr +0     136.1868   16.994    1.00000
 24 Cr +1      69.3240   16.994    0.50904
 25 Mn -1   -1396.8984   16.446  -11.43687
 25 Mn +0     122.1400   16.446    1.00000
 25 Mn +1      43.6296   16.446    0.35721
 26 Fe -1     411.0583   15.781    3.80664
 26 Fe +0     107.9846   15.781    1.00000
 26 Fe +1      53.9686   15.781    0.49978
 27 Co -1     180.8858   15.197    1.87772
 27 Co +0      96.3329   15.197    1.00000
 27 Co +1      48.1705   15.197    0.50004
 28 Ni -1     350.4711   14.654    4.04809
 28 Ni +0      86.5769   14.654    1.00000
 28 Ni +1      43.2654   14.654    0.49973
 29 Cu -1   -1102.7836   13.594  -16.21184
 29 Cu +0      68.0234   13.594    1.00000
 29 Cu +1      39.0746   13.594    0.57443
 30 Zn -1    4634.9537   13.677   65.10205
 30 Zn +0      71.1952   13.677    1.00000
 30 Zn +1      25.3226   13.677    0.35568
 31 Ga -1    1375.4687   15.564   15.17195
 31 Ga +0      90.6586   15.564    1.00000
 31 Ga +1      32.3263   15.564    0.35657
 32 Ge -1     498.5185   15.199    7.13376
 32 Ge +0      69.8816   15.199    1.00000
 32 Ge +1      31.1300   15.199    0.44547
 33 As -1     191.5208   14.417    3.56587
 33 As +0      53.7094   14.417    1.00000
 33 As +1      27.3525   14.417    0.50927
 34 Se -1      99.7981   13.607    2.36470
 34 Se +0      42.2033   13.607    1.00000
 34 Se +1      23.4963   13.607    0.55674
 35 Br -1      81.6237   12.853    2.40910
 35 Br +0      33.8815   12.853    1.00000
 35 Br +1      20.1169   12.853    0.59374
 36 Kr -1     400.8488   12.200   14.46830
 36 Kr +0      27.7053   12.200    1.00000
 36 Kr +1      17.2759   12.200    0.62356
 37 Rb -1    1575.3633   20.288    3.73295
 37 Rb +0     422.0156   20.288    1.00000
 37 Rb +1      14.9114   20.288    0.03533
 38 Sr -1    3371.5918   20.193    8.99577
 38 Sr +0     374.7974   20.193    1.00000
 38 Sr +1     122.0619   20.193    0.32567
 39  Y -1     449.1897   19.018    1.42427
 39  Y +0     315.3816   19.018    1.00000
 39  Y +1     151.7394   19.018    0.48113
 40 Zr -1     644.4596   17.887    2.54178
 40 Zr +0     253.5465   17.887    1.00000
 40 Zr +1     130.5654   17.887    0.51496
 41 Nb -1    1611.9785   16.566    8.27911
 41 Nb +0     194.7044   16.566    1.00000
 41 Nb +1     113.7853   16.566    0.58440
 42 Mo -1   -1808.4185   15.662  -11.34134
 42 Mo +0     159.4536   15.662    1.00000
 42 Mo +1      72.5427   15.662    0.45495
 43 Tc -1    -590.4182   15.545   -3.59908
 43 Tc +0     164.0471   15.545    1.00000
 43 Tc +1      64.3605   15.545    0.39233
 44 Ru -1    -853.7703   14.278   -7.09222
 44 Ru +0     120.3812   14.278    1.00000
 44 Ru +1      80.8316   14.278    0.67146
 45 Rh -1      33.4500   13.685    0.30932
 45 Rh +0     108.1401   13.685    1.00000
 45 Rh +1      52.1147   13.685    0.48192
 46 Pd -1     154.3631   11.850    3.32748
 46 Pd +0      46.3904   11.850    1.00000
 46 Pd +1      47.4261   11.850    1.02233
 47 Ag -1     677.4841   12.741    7.47285
 47 Ag +0      90.6594   12.741    1.00000
 47 Ag +1      15.6019   12.741    0.17209
 48 Cd -1     749.2297   13.194    7.09924
 48 Cd +0     105.5366   13.194    1.00000
 48 Cd +1      39.9936   13.194    0.37896
 49 In -1    1460.0800   14.896   11.87216
 49 In +0     122.9835   14.896    1.00000
 49 In +1      52.7844   14.896    0.42920
 50 Sn -1     567.9397   15.043    5.61258
 50 Sn +0     101.1905   15.043    1.00000
 50 Sn +1      50.9086   15.043    0.50310
 51 Sb -1     250.4058   14.630    3.04936
 51 Sb +0      82.1175   14.630    1.00000
 51 Sb +1      45.8672   14.630    0.55856
 52 Te -1     140.9433   14.065    2.08612
 52 Te +0      67.5624   14.065    1.00000
 52 Te +1      40.5712   14.065    0.60050
 53  I -1     120.9354   13.526    2.14175
 53  I +0      56.4657   13.526    1.00000
 53  I +1      35.7695   13.526    0.63347
 54 Xe -1     763.1405   12.987   15.94759
 54 Xe +0      47.8530   12.987    1.00000
 54 Xe +1      31.5962   12.987    0.66028
 55 Cs -1    5455.2206   18.871    9.04867
 55 Cs +0     602.8752   18.871    1.00000
 55 Cs +1      28.0152   18.871    0.04647
 56 Ba -1    4570.3493   20.117    8.01553
 56 Ba +0     570.1867   20.117    1.00000
 56 Ba +1     191.7006   20.117    0.33621
 57 La -1  197181.5206   19.066  428.85894
 57 La +0     459.7818   19.066    1.00000
 57 La +1     245.0527   19.066    0.53298
 58 Ce -1    1204.9841   18.699    2.73408
 58 Ce +0     440.7272   18.699    1.00000
 58 Ce +1     211.6978   18.699    0.48034
 59 Pr -1    2340.6935   18.754    4.68389
 59 Pr +0     499.7326   18.754    1.00000
 59 Pr +1     202.7194   18.754    0.40566
 60 Nd -1    5069.7274   18.404   10.66303
 60 Nd +0     475.4489   18.404    1.00000
 60 Nd +1 508225279.5008   18.404 1068937.66770
 61 Pm -1    6131.6548   18.067   13.46865
 61 Pm +0     455.2540   18.067    1.00000
 61 Pm +1 605968879.3504   18.067 1331056.65647
 62 Sm -1    5260.9320   17.740   12.02914
 62 Sm +0     437.3489   17.740    1.00000
 62 Sm +1     197.0163   17.740    0.45048
 63 Eu -1    2855.4622   17.423    6.78210
 63 Eu +0     421.0293   17.423    1.00000
 63 Eu +1     189.4640   17.423    0.45000
 64 Gd -1   -6168.2365   16.946  -17.34625
 64 Gd +0     355.5947   16.946    1.00000
 64 Gd +1     182.4182   16.946    0.51299
 65 Tb -1    4235.9696   16.853   10.80607
 65 Tb +0     391.9990   16.853    1.00000
 65 Tb +1     160.7927   16.853    0.41019
 66 Dy -1    3597.7456   16.565    9.49586
 66 Dy +0     378.8752   16.565    1.00000
 66 Dy +1     169.6173   16.565    0.44769
 67 Ho -1    3906.7094   16.318   10.65780
 67 Ho +0     366.5586   16.318    1.00000
 67 Ho +1     163.7779   16.318    0.44680
 68 Er -1    4771.0509   16.045   13.44276
 68 Er +0     354.9160   16.045    1.00000
 68 Er +1     158.2739   16.045    0.44595
 69 Tm -1    3033.3613   15.781    8.82019
 69 Tm +0     343.9112   15.781    1.00000
 69 Tm +1     153.0739   15.781    0.44510
 70 Yb -1  -18223.2123   15.525  -54.67123
 70 Yb +0     333.3236   15.525    1.00000
 70 Yb +1     148.1511   15.525    0.44447
 71 Lu -1    2431.6575   15.460    7.99809
 71 Lu +0     304.0299   15.460    1.00000
 71 Lu +1     143.4848   15.460    0.47194
 72 Hf -1   -1300.4557   14.884   -5.22298
 72 Hf +0     248.9874   14.884    1.00000
 72 Hf +1     128.2078   14.884    0.51492
 73 Ta -1     656.1481   14.303    3.08260
 73 Ta +0     212.8551   14.303    1.00000
 73 Ta +1     114.9767   14.303    0.54016
 74  W -1     523.7554   13.748    2.79778
 74  W +0     187.2041   13.748    1.00000
 74  W +1     103.9501   13.748    0.55528
 75 Re -1     677.4498   13.243    4.03383
 75 Re +0     167.9420   13.243    1.00000
 75 Re +1      94.7437   13.243    0.56415
 76 Os -1     644.5474   12.784    4.21927
 76 Os +0     152.7628   12.784    1.00000
 76 Os +1      86.9714   12.784    0.56932
 77 Ir -1    -847.5966   12.393   -6.03251
 77 Ir +0     140.5049   12.393    1.00000
 77 Ir +1      80.3315   12.393    0.57173
 78 Pt -1    -729.5925   11.591   -7.10444
 78 Pt +0     102.6953   11.591    1.00000
 78 Pt +1      74.5887   11.591    0.72631
 79 Au -1     525.8946   11.218    5.53098
 79 Au +0      95.0816   11.218    1.00000
 79 Au +1      49.5388   11.218    0.52101
 80 Hg -1    1316.9380   11.324   11.53121
 80 Hg +0     114.2064   11.324    1.00000
 80 Hg +1      46.2105   11.324    0.40462
 81 Tl -1    1518.8979   12.686   11.41570
 81 Tl +0     133.0535   12.686    1.00000
 81 Tl +1      61.2493   12.686    0.46034
 82 Pb -1     670.1950   13.333    5.79038
 82 Pb +0     115.7429   13.333    1.00000
 82 Pb +1      60.2816   13.333    0.52082
 83 Bi -1     286.6856   13.358    2.94854
 83 Bi +0      97.2298   13.358    1.00000
 83 Bi +1      55.6502   13.358    0.57236
 84 Po -1     169.4974   13.146    2.05990
 84 Po +0      82.2842   13.146    1.00000
 84 Po +1      50.3938   13.146    0.61244
 85 At -1     143.1345   12.811    2.02968
 85 At +0      70.5209   12.811    1.00000
 85 At +1      45.4274   12.811    0.64417
 86 Rn +0      61.1548   12.461    1.00000
 86 Rn +1      40.9794   12.461    0.67009
